16
2	151	2	315	Entrance to Lorencia	
2	222	29	135	Entrance to Aida	
2	242	241	45	Entrance to Atlans	
1	132	114	0	Spot
1	130	177	0	Spot
1	151	168	0	Spot
1	176	164	0	Spot
1	222	194	0	Spot
1	91	49	0	Spot
1	207	170	0	Spot
1	110	118	0	Spot
1	58	129	0	Spot
1	45	157	0	Spot
1	73	218	0	Spot
1	218	222	0	Spot
1	14	20	0	Spot
1	97	134	0	Spot
1	107	201	0	Spot
1	78	116	0	Spot
1	125	61	0	Spot
1	30	191	0	Spot
1	15	214	0	Spot
1	16	236	0	Spot
1	46	233	0	Spot
1	146	68	0	Spot
1	57	33	0	Spot
1	225	139	0	Spot
1	113	87	0	Spot
1	188	68	0	Spot
1	123	147	0	Spot
1	210	141	0	Spot
1	130	29	0	Spot
1	130	29	0	Spot
1	130	29	0	Spot
1	130	29	0	Spot
1	130	29	0	Spot
1	159	130	0	Spot
1	150	119	0	Spot
1	166	66	0	Spot
0	0	0	0		
0	0	0	0		
0	0	0	0		
0	0	0	0		
0	0	0	0		
0	0	0	0		
0	0	0	0		
0	0	0	0		
0	0	0	0		
0	0	0	0		
0	0	0	0		
0	0	0	0		
0	0	0	0		
0	0	0	0		
0	0	0	0		
0	0	0	0		
0	0	0	0		
0	0	0	0		
0	0	0	0		
0	0	0	0		
0	0	0	0		
0	0	0	0		
0	0	0	0		
0	0	0	0		
0	0	0	0		
0	0	0	0		
0	0	0	0		
0	0	0	0		
0	0	0	0		
0	0	0	0		
0	0	0	0		
0	0	0	0		
0	0	0	0		
0	0	0	0		
0	0	0	0		
0	0	0	0		
0	0	0	0		
0	0	0	0		
0	0	0	0		
0	0	0	0		
0	0	0	0		
0	0	0	0		
0	0	0	0		
0	0	0	0		
0	0	0	0		
0	0	0	0		
0	0	0	0		
0	0	0	0		
0	0	0	0		
0	0	0	0		
0	0	0	0		
0	0	0	0		
0	0	0	0		
0	0	0	0		
0	0	0	0		
0	0	0	0		
0	0	0	0		
0	0	0	0		
0	0	0	0		
0	0	0	0		
0	0	0	0		
