16
1	10	10	0	Spot
1	120	80	0	Spot
1	97	61	0	Spot
1	131	31	0	Spot
1	79	78	0	Spot
1	51	34	0	Spot
1	85	104	0	Spot
1	80	148	0	Spot
1	66	120	0	Spot
1	26	108	0	Spot
1	49	153	0	Spot
1	134	194	0	Spot
1	98	199	0	Spot
1	93	173	0	Spot
1	71	206	0	Spot
1	43	206	0	Spot
1	175	139	0	Spot
1	203	142	0	Spot
1	213	179	0	Spot
1	177	191	0	Spot
1	180	222	0	Spot
1	157	98	0	Spot
1	145	79	0	Spot
1	189	66	0	Spot
1	207	99	0	Spot
1	232	67	0	Spot
1	209	41	0	Spot
0	0	0	0		
0	0	0	0		
0	0	0	0		
0	0	0	0		
0	0	0	0		
0	0	0	0		
0	0	0	0		
0	0	0	0		
0	0	0	0		
0	0	0	0		
0	0	0	0		
0	0	0	0		
0	0	0	0		
0	0	0	0		
0	0	0	0		
0	0	0	0		
0	0	0	0		
0	0	0	0		
0	0	0	0		
0	0	0	0	
0	0	0	0		
0	0	0	0	
0	0	0	0		
0	0	0	0	
0	0	0	0		
0	0	0	0	
0	0	0	0		
0	0	0	0	
0	0	0	0		
0	0	0	0	
0	0	0	0		
0	0	0	0	
0	0	0	0		
0	0	0	0	
0	0	0	0		
0	0	0	0	
0	0	0	0		
0	0	0	0	
0	0	0	0		
0	0	0	0	
0	0	0	0		
0	0	0	0	
0	0	0	0		
0	0	0	0	
0	0	0	0		
0	0	0	0	
0	0	0	0		
0	0	0	0	
0	0	0	0		
0	0	0	0	
0	0	0	0		
0	0	0	0	
0	0	0	0		
0	0	0	0	
0	0	0	0		
0	0	0	0	
0	0	0	0		
0	0	0	0	
0	0	0	0		
0	0	0	0	
0	0	0	0		
0	0	0	0	
0	0	0	0		
0	0	0	0	
0	0	0	0		
0	0	0	0	
0	0	0	0		
0	0	0	0	
0	0	0	0		
0	0	0	0	
0	0	0	0		
0	0	0	0		
0	0	0	0	